0 CAR 339 82 446 169
0 CAR 96 208 235 305
0 CAR 172 94 281 183
0 CAR 429 382 542 479
0 CAR 476 0 570 42
1 CAR 334 85 438 176
1 CAR 89 210 229 319
1 CAR 167 99 282 188
1 CAR 429 395 538 479
1 CAR 475 0 566 45
2 CAR 334 81 438 176
2 CAR 92 212 228 319
2 CAR 167 100 281 188
2 CAR 429 395 535 479
2 CAR 475 0 569 47
3 CAR 327 97 428 182
3 CAR 66 223 209 319
3 CAR 152 108 271 201
3 CAR 471 0 556 56
3 CAR 428 413 532 478
4 CAR 322 97 428 185
4 CAR 147 113 265 201
4 CAR 59 226 202 327
4 CAR 468 0 552 64
4 CAR 425 418 528 479
5 CAR 323 97 425 183
5 CAR 147 114 268 201
5 CAR 57 226 202 327
5 CAR 468 0 552 64
5 CAR 423 417 531 479
6 CAR 41 232 184 333
6 CAR 316 105 421 189
6 CAR 135 117 257 209
6 CAR 463 0 548 68
6 CAR 425 425 527 478
7 CAR 306 113 413 206
7 CAR 23 241 173 342
7 CAR 127 128 249 213
7 CAR 454 2 548 76
7 CAR 426 441 518 479
8 CAR 305 115 413 203
8 CAR 25 240 172 342
8 CAR 127 126 248 213
8 CAR 454 0 550 76
8 CAR 429 440 520 479
9 CAR 294 118 407 203
9 CAR 10 245 159 347
9 CAR 119 132 246 222
9 CAR 453 0 543 78
9 CAR 421 448 513 480
10 CAR 291 121 401 208
10 CAR 2 248 154 347
10 CAR 447 0 545 90
10 CAR 113 134 240 222
11 CAR 291 121 399 210
11 CAR 0 250 151 351
11 CAR 447 0 543 85
11 CAR 113 133 240 222
11 CAR 601 1 639 37
12 CAR 278 129 390 222
12 CAR 105 143 227 234
12 CAR 437 11 536 96
12 CAR 0 258 130 361
12 CAR 352 1 433 24
12 CAR 594 0 638 48
13 CAR 273 133 384 223
13 CAR 432 21 533 100
13 CAR 96 146 221 238
13 CAR 0 262 122 362
13 CAR 345 1 437 27
13 CAR 597 1 640 50
14 CAR 273 133 381 230
14 CAR 432 21 531 96
14 CAR 97 145 224 238
14 CAR 0 264 120 362
14 CAR 596 0 639 49
14 CAR 349 1 437 28
15 CAR 266 138 378 232
15 CAR 89 149 216 241
15 CAR 425 25 529 107
15 CAR 0 267 105 362
15 CAR 343 1 431 34
15 CAR 592 2 640 56
16 CAR 260 141 371 234
16 CAR 80 155 211 241
16 CAR 425 30 521 108
16 CAR 0 273 98 363
16 CAR 340 1 428 36
16 CAR 586 1 638 59
17 CAR 262 145 370 231
17 CAR 80 154 208 245
17 CAR 422 31 523 109
17 CAR 0 273 97 363
17 CAR 591 2 638 57
17 CAR 339 1 427 33
18 CAR 242 150 363 242
18 CAR 69 165 198 253
18 CAR 411 38 516 117
18 CAR 0 283 71 359
18 CAR 583 1 639 73
18 CAR 333 0 422 45
19 CAR 243 150 353 241
19 CAR 411 37 508 123
19 CAR 64 166 191 255
19 CAR 328 0 415 56
19 CAR 1 286 65 362
19 CAR 587 3 640 75
20 CAR 242 151 352 245
20 CAR 409 39 509 123
20 CAR 63 163 192 254
20 CAR 328 0 416 56
20 CAR 585 2 638 76
20 CAR 1 283 59 365
21 CAR 229 156 345 247
21 CAR 403 49 501 127
21 CAR 55 171 183 265
21 CAR 320 0 412 64
21 CAR 1 289 42 372
21 CAR 581 5 638 85
22 CAR 224 161 334 248
22 CAR 44 176 172 271
22 CAR 395 51 500 135
22 CAR 316 0 404 64
22 CAR 574 9 639 87
23 CAR 222 163 336 252
23 CAR 42 176 171 268
23 CAR 399 52 497 131
23 CAR 312 0 405 64
23 CAR 575 11 638 90
24 CAR 211 167 327 263
24 CAR 308 0 402 68
24 CAR 33 182 163 271
24 CAR 387 58 493 135
24 CAR 574 16 639 94
25 CAR 206 169 320 263
25 CAR 384 60 493 138
25 CAR 26 184 157 273
25 CAR 304 1 399 72
25 CAR 572 18 639 96
26 CAR 206 169 319 263
26 CAR 384 63 485 141
26 CAR 25 183 157 273
26 CAR 304 1 396 72
26 CAR 572 22 639 96
27 CAR 190 172 310 266
27 CAR 373 61 480 144
27 CAR 7 184 146 277
27 CAR 568 25 639 104
27 CAR 296 0 388 72
28 CAR 181 173 303 269
28 CAR 0 190 145 278
28 CAR 369 65 474 147
28 CAR 568 27 639 104
28 CAR 291 2 387 76
29 CAR 186 173 304 267
29 CAR 0 189 145 278
29 CAR 369 67 474 147
29 CAR 568 26 639 104
29 CAR 293 0 387 76
30 CAR 174 176 297 271
30 CAR 560 35 639 112
30 CAR 360 69 470 153
30 CAR 0 193 126 284
30 CAR 288 3 383 80
31 CAR 172 179 290 271
31 CAR 284 3 379 80
31 CAR 358 71 460 152
31 CAR 0 194 129 284
31 CAR 560 34 639 116
32 CAR 168 181 289 265
32 CAR 287 1 377 80
32 CAR 358 71 462 155
32 CAR 0 196 124 284
32 CAR 559 37 639 115
33 CAR 555 46 639 128
33 CAR 153 185 275 278
33 CAR 272 9 371 88
33 CAR 346 78 452 156
33 CAR 0 202 109 297
34 CAR 554 49 639 131
34 CAR 150 190 272 284
34 CAR 0 203 102 293
34 CAR 343 84 450 163
34 CAR 272 10 367 93
35 CAR 553 51 639 133
35 CAR 149 188 270 284
35 CAR 0 203 102 293
35 CAR 343 84 448 168
35 CAR 273 9 365 93
36 CAR 140 193 261 285
36 CAR 334 86 445 169
36 CAR 264 16 360 96
36 CAR 550 59 639 139
36 CAR 0 209 97 300
37 CAR 131 200 253 288
37 CAR 258 18 356 102
37 CAR 326 94 438 177
37 CAR 546 68 633 146
37 CAR 0 216 89 302
38 CAR 130 199 252 292
38 CAR 261 20 353 102
38 CAR 328 93 438 179
38 CAR 546 68 631 146
38 CAR 0 216 88 307
39 CAR 118 205 243 295
39 CAR 319 97 430 185
39 CAR 546 72 629 154
39 CAR 254 26 349 105
39 CAR 0 222 73 305
40 CAR 109 207 238 297
40 CAR 315 102 427 185
40 CAR 542 82 624 155
40 CAR 247 27 348 110
40 CAR 0 222 70 301
41 CAR 113 207 237 300
41 CAR 315 102 425 182
41 CAR 543 77 627 157
41 CAR 248 28 345 107
41 CAR 0 222 66 303
42 CAR 94 212 225 304
42 CAR 302 109 415 192
42 CAR 535 88 624 169
42 CAR 238 35 335 118
42 CAR 0 230 51 305
43 CAR 89 213 218 310
43 CAR 535 93 619 175
43 CAR 298 112 412 194
43 CAR 237 35 333 119
43 CAR 0 235 49 303
44 CAR 89 214 218 308
44 CAR 534 90 621 180
44 CAR 296 109 414 198
44 CAR 237 37 332 120
44 CAR 1 232 48 303
45 CAR 76 218 214 310
45 CAR 529 100 614 183
45 CAR 293 113 403 203
45 CAR 230 42 328 120
45 CAR 2 237 36 303
46 CAR 72 219 206 310
46 CAR 528 101 615 186
46 CAR 284 115 399 201
46 CAR 227 42 325 125
47 CAR 72 218 205 314
47 CAR 527 101 613 185
47 CAR 282 118 401 201
47 CAR 227 42 325 125
48 CAR 54 222 191 319
48 CAR 517 114 610 200
48 CAR 268 121 390 208
48 CAR 213 50 317 131
49 CAR 48 225 184 321
49 CAR 211 51 311 137
49 CAR 519 116 606 206
49 CAR 266 126 384 210
50 CAR 48 227 182 321
50 CAR 211 53 312 137
50 CAR 522 117 604 201
50 CAR 265 126 383 210
51 CAR 36 232 173 326
51 CAR 513 126 602 215
51 CAR 256 133 376 217
51 CAR 206 57 306 139
52 CAR 24 234 162 326
52 CAR 250 137 368 225
52 CAR 514 135 599 222
52 CAR 199 61 303 143
53 CAR 24 233 169 326
53 CAR 250 138 367 222
53 CAR 514 133 599 222
53 CAR 196 60 301 144
54 CAR 9 237 155 336
54 CAR 238 139 361 225
54 CAR 505 142 596 229
54 CAR 193 64 296 149
55 CAR 8 242 148 336
55 CAR 236 142 358 229
55 CAR 186 67 291 153
55 CAR 505 146 596 238
56 CAR 3 240 149 336
56 CAR 236 143 360 228
56 CAR 184 67 290 153
56 CAR 505 146 596 238
57 CAR 0 244 129 341
57 CAR 177 70 281 159
57 CAR 498 161 590 252
57 CAR 221 148 348 239
58 CAR 168 77 280 160
58 CAR 0 247 122 338
58 CAR 496 165 587 256
58 CAR 216 151 342 245
59 CAR 168 74 278 160
59 CAR 0 246 126 340
59 CAR 496 164 587 256
59 CAR 215 149 340 239
60 CAR 208 157 334 244
60 CAR 0 251 114 342
60 CAR 496 175 587 265
60 CAR 163 78 271 166
61 CAR 159 82 269 174
61 CAR 494 179 582 265
61 CAR 0 251 105 341
61 CAR 205 160 326 248
62 CAR 159 82 268 169
62 CAR 493 177 582 265
62 CAR 0 252 106 346
62 CAR 202 157 329 248
63 CAR 0 258 91 353
63 CAR 482 195 580 284
63 CAR 145 91 258 176
63 CAR 187 164 314 255
64 CAR 145 94 254 179
64 CAR 484 196 574 293
64 CAR 0 261 81 347
64 CAR 180 170 313 256
65 CAR 145 92 250 179
65 CAR 481 198 577 289
65 CAR 0 259 82 347
65 CAR 177 166 316 256
66 CAR 137 97 243 186
66 CAR 477 209 571 302
66 CAR 173 174 305 262
66 CAR 0 266 69 350
67 CAR 132 105 240 189
67 CAR 477 222 568 311
67 CAR 164 180 294 271
67 CAR 2 271 56 353
68 CAR 133 105 242 189
68 CAR 477 221 568 311
68 CAR 161 183 295 271
68 CAR 0 270 57 354
69 CAR 119 113 232 201
69 CAR 148 189 284 278
69 CAR 468 235 563 326
69 CAR 332 0 424 36
69 CAR 2 280 49 349
70 CAR 468 237 559 330
70 CAR 120 117 228 205
70 CAR 146 191 284 281
70 CAR 330 1 427 41
70 CAR 2 283 42 356
71 CAR 468 239 559 330
71 CAR 120 116 229 205
71 CAR 147 193 281 284
71 CAR 327 0 418 34
71 CAR 1 283 40 356
72 CAR 132 194 271 297
72 CAR 462 255 556 353
72 CAR 320 0 412 48
72 CAR 108 123 219 208
73 CAR 103 125 215 212
73 CAR 459 258 558 353
73 CAR 124 201 262 291
73 CAR 317 0 412 51
74 CAR 104 124 216 212
74 CAR 460 261 551 353
74 CAR 124 203 265 289
74 CAR 317 0 409 51
75 CAR 312 0 402 60
75 CAR 112 210 254 298
75 CAR 456 273 550 366
75 CAR 94 132 212 219
76 CAR 453 277 547 373
76 CAR 308 0 399 60
76 CAR 109 211 254 302
76 CAR 92 138 207 224
77 CAR 453 278 551 373
77 CAR 308 0 403 60
77 CAR 109 214 252 302
77 CAR 91 136 205 224
78 CAR 92 226 242 314
78 CAR 449 299 541 393
78 CAR 300 0 394 73
78 CAR 80 149 196 233
79 CAR 301 3 394 80
79 CAR 86 231 233 319
79 CAR 448 305 539 403
79 CAR 75 152 195 238
79 CAR 469 1 544 27
80 CAR 298 4 394 80
80 CAR 88 231 233 319
80 CAR 446 307 541 403
80 CAR 71 153 195 239
80 CAR 465 1 550 25
81 CAR 289 6 387 85
81 CAR 442 322 538 419
81 CAR 74 237 225 327
81 CAR 65 160 184 246
81 CAR 464 0 549 32
82 CAR 285 13 383 91
82 CAR 61 247 217 335
82 CAR 438 334 537 432
82 CAR 59 168 177 257
82 CAR 461 0 548 39
83 CAR 285 13 381 94
83 CAR 64 244 217 333
83 CAR 439 335 535 432
83 CAR 56 168 173 256
83 CAR 455 1 547 41
84 CAR 274 21 379 105
84 CAR 53 251 204 342
84 CAR 437 347 532 447
84 CAR 48 178 166 263
84 CAR 450 0 548 44
85 CAR 275 22 375 104
85 CAR 46 253 202 343
85 CAR 432 353 529 453
85 CAR 448 0 542 56
85 CAR 49 177 165 262
86 CAR 274 22 376 102
86 CAR 46 252 201 347
86 CAR 432 355 530 453
86 CAR 450 0 540 56
86 CAR 44 180 163 267
87 CAR 29 264 187 349
87 CAR 428 374 526 471
87 CAR 265 34 364 110
87 CAR 448 0 528 64
87 CAR 31 190 153 272
88 CAR 260 38 365 117
88 CAR 24 262 182 353
88 CAR 444 0 531 64
88 CAR 429 377 522 477
88 CAR 27 192 148 275
89 CAR 264 37 362 118
89 CAR 24 262 179 357
89 CAR 446 0 528 64
89 CAR 428 379 524 477
89 CAR 28 190 147 276
90 CAR 13 272 173 361
90 CAR 440 0 529 73
90 CAR 257 41 353 120
90 CAR 424 391 519 479
90 CAR 20 197 144 285
91 CAR 253 42 358 126
91 CAR 7 269 168 362
91 CAR 435 1 524 72
91 CAR 18 201 139 281
91 CAR 425 398 518 478
92 CAR 253 46 353 126
92 CAR 4 271 167 362
92 CAR 437 0 524 72
92 CAR 421 394 519 479
92 CAR 16 203 138 284
93 CAR 430 3 520 84
93 CAR 245 53 350 135
93 CAR 0 277 150 366
93 CAR 1 209 123 294
93 CAR 415 414 514 479
94 CAR 424 6 516 90
94 CAR 241 56 344 137
94 CAR 0 280 146 367
94 CAR 2 212 124 297
94 CAR 413 421 509 479
95 CAR 425 5 519 82
95 CAR 242 58 344 137
95 CAR 0 281 146 369
95 CAR 2 211 125 300
95 CAR 415 421 514 478
96 CAR 423 9 517 87
96 CAR 236 59 337 146
96 CAR 0 281 137 375
96 CAR 0 216 112 298
96 CAR 410 430 514 479
97 CAR 232 63 333 147
97 CAR 419 14 511 97
97 CAR 0 286 125 380
97 CAR 2 223 107 303
97 CAR 413 446 504 479
98 CAR 228 63 332 147
98 CAR 418 15 511 97
98 CAR 0 286 125 379
98 CAR 1 221 103 298
98 CAR 415 446 503 479
99 CAR 415 20 505 98
99 CAR 220 69 325 146
99 CAR 0 289 116 382
99 CAR 0 223 96 299
100 CAR 410 20 504 100
100 CAR 221 69 324 152
100 CAR 0 292 109 379
100 CAR 1 226 88 302
101 CAR 408 19 507 99
101 CAR 218 68 321 152
101 CAR 0 291 107 379
101 CAR 0 226 93 299
102 CAR 211 74 312 153
102 CAR 401 27 503 107
102 CAR 0 295 89 373
102 CAR 0 229 79 300
103 CAR 207 73 307 157
103 CAR 401 31 494 110
103 CAR 0 295 85 373
103 CAR 0 230 77 303
104 CAR 206 73 311 157
104 CAR 401 31 498 107
104 CAR 0 295 85 373
104 CAR 1 228 73 304
105 CAR 393 31 491 115
105 CAR 199 80 301 166
105 CAR 0 300 75 368
105 CAR 2 231 62 306
106 CAR 196 79 305 164
106 CAR 390 34 486 115
106 CAR 1 233 65 305
106 CAR 1 300 68 371
107 CAR 195 79 303 164
107 CAR 390 35 488 115
107 CAR 0 300 68 368
107 CAR 2 235 60 309
108 CAR 188 89 295 174
108 CAR 383 42 479 126
108 CAR 0 307 48 372
108 CAR 0 240 48 316
109 CAR 185 90 288 170
109 CAR 380 42 478 126
109 CAR 1 240 48 310
109 CAR 2 313 43 375
110 CAR 184 91 291 170
110 CAR 380 45 479 126
110 CAR 1 243 44 316
110 CAR 1 310 39 376